0 1
0 38
0 43
1 38
1 39
1 43
2 3
2 24
2 39
2 49
3 13
3 42
3 49
4 5
4 15
4 23
4 46
6 7
6 16
6 50
6 70
7 41
7 50
7 56
8 9
8 31
8 47
9 26
9 27
10 11
10 26
10 27
10 58
11 13
11 26
11 27
12 13
12 37
12 58
12 59
13 59
14 15
14 19
14 34
14 39
16 17
16 19
16 40
17 62
17 63
18 19
18 22
18 23
18 66
19 35
20 21
22 23
22 47
22 55
23 35
24 25
24 68
24 71
25 43
25 71
26 27
28 29
28 40
28 45
28 70
29 44
29 45
30 31
30 61
30 72
31 37
32 33
33 34
34 35
34 60
35 60
36 37
36 46
36 47
38 39
40 41
40 70
41 50
41 56
42 43
44 45
46 47
48 49
50 51
52 53
54 55
54 60
56 57
57 62
57 63
58 59
60 61
62 63
64 65
64 68
65 71
66 67
68 69
