0 12
0 27
0 32
0 41
0 50
1 20
1 30
1 58
2 17
2 31
2 44
2 53
2 57
3 11
3 34
3 37
3 48
4 13
4 18
4 36
4 56
5 26
5 33
6 15
6 21
6 29
6 38
6 47
7 11
7 37
7 49
7 56
8 12
8 25
8 41
8 50
9 15
9 16
9 22
9 44
9 55
10 24
10 26
10 35
10 36
11 34
11 48
12 16
12 32
12 49
13 24
13 39
13 43
13 49
14 21
14 29
14 42
14 52
15 38
15 50
15 57
16 22
16 33
17 31
17 53
17 57
18 25
18 41
18 43
18 52
19 20
19 38
19 45
20 45
21 38
21 40
21 47
22 24
22 33
22 50
23 28
23 30
23 35
23 40
24 27
24 39
25 36
25 43
26 33
26 50
26 55
27 32
27 33
28 30
28 35
28 44
29 47
29 51
31 53
31 57
32 39
32 49
34 37
35 40
35 44
36 39
37 48
38 47
40 42
41 43
42 51
45 58
46 52
47 51
48 54
48 56
49 56
51 52
51 58
52 58
