1 2
3 4
5 6
7 8
9 7
10 11
12 13
14 15
16 17
6 7
12 16
18 19
20 21
22 11
23 24
10 25
26 27
28 9
29 9
8 30
31 28
32 8
24 16
14 31
30 32
19 33
13 34
30 7
25 35
31 36
10 37
38 1
4 39
24 40
26 38
27 41
24 42
34 12
23 8
12 40
18 43
44 43
30 40
7 44
41 1
45 22
30 19
44 34
46 3
28 47
39 42
9 48
7 6
6 49
44 12
14 9
34 23
32 50
51 22
37 22
52 21
3 40
53 9
9 42
12 46
34 24
51 54
34 3
36 9
23 34
3 7
7 23
33 40
23 43
31 55
37 45
51 45
12 30
14 47
7 53
46 13
56 41
40 44
46 19
30 12
42 23
4 43
46 7
25 54
48 9
18 40
31 47
16 24
37 10
49 7
4 42
40 24
47 15
19 13
13 24
43 33
1 27
39 23
43 18
57 1
15 47
33 19
16 23
35 25
3 58
52 20
9 29
18 44
5 29
28 14
10 51
9 31
43 13
44 13
7 47
7 29
27 21
33 12
48 15
59 3
57 41
33 30
34 58
19 43
42 32
46 33
4 33
23 13
24 12
34 42
7 16
48 31
36 48
47 36
23 44
11 45
32 3
25 10
13 30
25 11
8 7
50 7
33 4
24 19
25 45
44 40
4 24
59 34
50 33
42 31
30 50
41 56
29 5
44 30
26 56
13 19
5 49
31 7
44 47
44 32
18 33
30 23
40 7
7 46
8 50
59 44
54 51
50 39
7 28
51 10
59 19
12 4
33 13
13 40
31 15
28 36
7 15
9 28
36 7
24 43
44 17
48 53
30 8
45 51
50 32
11 10
21 52
8 39
12 34
9 53
16 43
3 43
4 3
30 44
44 4
43 23
34 44
27 38
45 11
7 40
6 29
3 59
30 33
23 32
32 33
33 44
24 59
39 50
17 44
39 32
7 32
37 51
4 34
16 4
42 7
4 46
48 47
20 52
31 42
50 23
4 12
34 59
43 16
24 23
4 18
23 42
56 26
23 12
19 58
1 41
4 7
24 7
44 24
3 34
23 4
30 18
53 28
10 45
44 19
33 24
40 33
17 16
47 55
44 7
53 48
42 39
43 4
32 39
57 38
3 24
3 18
55 31
39 8
32 30
23 50
7 24
58 24
47 28
43 12
14 28
12 19
4 44
58 34
45 10
43 7
55 15
15 7
44 58
58 19
18 4
30 24
40 12
40 13
7 33
58 3
32 7
3 33
16 3
8 32
3 23
34 30
46 12
32 60
26 2
13 16
12 18
45 37
24 33
40 18
25 22
34 19
53 7
29 6
36 55
34 16
26 1
11 22
7 3
53 47
51 25
25 37
43 44
13 12
40 3
19 34
7 4
19 44
47 53
24 13
53 31
14 42
18 24
53 14
33 18
3 46
24 18
38 2
11 25
13 4
47 7
53 15
55 9
58 17
1 26
15 53
23 16
10 22
30 3
3 44
13 44
7 9
24 4
23 30
12 23
7 43
55 36
15 36
41 57
44 3
42 24
15 48
59 58
18 13
7 59
24 44
24 3
33 50
32 4
22 10
42 4
38 57
16 44
41 26
11 51
3 32
3 13
52 61
34 43
58 44
22 25
12 3
15 14
13 3
43 24
43 19
16 13
18 30
42 44
8 23
48 36
38 26
37 25
33 32
28 53
44 18
50 8
3 30
4 23
36 47
15 55
61 20
23 33
46 4
17 58
40 30
42 9
13 43
7 50
21 20
16 30
30 16
4 19
31 48
33 3
12 24
44 59
59 7
47 14
2 27
22 45
1 57
61 52
33 23
23 7
32 42
20 61
19 24
19 40
7 14
16 7
31 14
61 21
12 59
3 19
18 3
21 27
13 46
12 43
7 30
33 46
1 38
49 5
4 16
55 7
25 51
13 33
47 31
15 31
44 16
38 27
7 49
36 14
7 36
6 5
15 28
51 37
30 13
3 16
28 7
43 3
23 39
14 7
26 41
36 53
56 57
36 28
9 36
21 61
41 27
15 9
39 4
31 53
44 42
19 12
2 26
18 12
13 18
34 7
19 30
60 32
23 3
31 9
33 43
43 30
32 23
45 25
48 55
51 11
44 23
34 4
14 53
49 6
4 13
19 59
30 34
42 14
2 38
59 24
7 55
22 51
54 25
19 4
12 44
19 3
44 33
24 58
47 44
47 48
19 16
13 23
50 30
9 55
53 36
29 7
28 15
24 34
58 59
55 48
54 45
19 18
45 54
27 1
34 13
7 42
12 33
36 31
16 34
14 36
47 9
9 47
3 12
27 2
9 14
16 19
32 44
19 46
28 31
22 37
16 12
59 12
42 34
27 26
40 19
57 56
9 15
36 15
4 32
55 47
7 31
7 34
30 43
33 7
2 1
24 30
43 34
0 0
1 0
2 0
3 0
4 0
5 0
6 0
7 0
8 0
9 0
10 0
11 0
12 0
13 0
14 0
15 0
16 0
17 0
18 0
19 0
20 0
21 0
22 0
23 0
24 0
25 0
26 0
27 0
28 0
29 0
30 0
31 0
32 0
33 0
34 0
35 0
36 0
37 0
38 0
39 0
40 0
41 0
42 0
43 0
44 0
45 0
46 0
47 0
48 0
49 0
50 0
51 0
52 0
53 0
54 0
55 0
56 0
57 0
58 0
59 0
60 0
61 0
